001
002
004
005
006
007
008
009
010
011
012
014
015
016
017
018
019
021
022
023
025
027
028
029
030
031
032
038
040
041
043
044
045
046
047
048
051
052
055
056
061
062
063
065
067
068
069
070
071
072
073
074
076
079
080
081
086
087
088
089
090
091
092
093
094
095
096
100
101
102
103
104
105
107
108
110
111
112
113
114
115
116
117
118
119
120
122
123
124
125
127
128
130
131
136
138
140
141
142
143
147
153
155
156
157
158
161
167
168
169
170
172
174
176
179
180
181
182
184
185
186
189
191
193
195
199
201
203
208
212
213
215
216
218
220
221
222
223
229
234
235
249
250
254
261
262
264
266
271
